[25,    50] loss: 19.336506919860838
[25,   100] loss: 24.962808089256285
[25,   150] loss: 21.095477027893068
[25,   200] loss: 23.794160079956054
[25,   250] loss: 19.85015737056732
[25,   300] loss: 20.969583258628845
[25,   350] loss: 22.2396311378479
[25,   400] loss: 17.047012901306154
[25,   450] loss: 32.14343301296234
[25,   500] loss: 30.4498911857605
[25,   550] loss: 21.007637157440186
[25,   600] loss: 16.2963325881958
[25,   650] loss: 35.4208958530426
[25,   700] loss: 26.258963208198548
[25,   750] loss: 20.307115964889526
[25,   800] loss: 22.669736204147338
[25,   850] loss: 24.541712875366212
[25,   900] loss: 21.660709066390993
[25,   950] loss: 20.28753189086914
[25,  1000] loss: 20.60258855819702
[25,  1050] loss: 19.20346019744873
[25,  1100] loss: 18.459794883728026
[25,  1150] loss: 22.21986289024353
[25,  1200] loss: 28.530828189849853
[25,  1250] loss: 22.77279414176941
[25,  1300] loss: 18.863649876117705
[25,  1350] loss: 19.36235851764679
[25,  1400] loss: 18.5240727519989
[25,  1450] loss: 24.594164862632752
[25,  1500] loss: 22.921652250289917
[25,  1550] loss: 19.186451110839844
[25,  1600] loss: 19.939927177429198
[25,  1650] loss: 19.733751101493837
[25,  1700] loss: 22.566408534049987
[25,  1750] loss: 26.928496065139772
[25,  1800] loss: 18.80285954475403
[25,  1850] loss: 21.43941982269287
[25,  1900] loss: 22.14893557548523
[25,  1950] loss: 20.743227815628053
[25,  2000] loss: 19.722140970230104
[25,  2050] loss: 28.48491683959961
[25,  2100] loss: 25.214770352840425
[25,  2150] loss: 29.024895696640016
[25,  2200] loss: 30.090515937805176
[25,  2250] loss: 18.627408447265626
[25,  2300] loss: 18.28559002876282
[25,  2350] loss: 19.66734962463379
[25,  2400] loss: 20.93977662563324
[25,  2450] loss: 18.34129852294922
[25,  2500] loss: 19.59682443141937
[25,  2550] loss: 15.552083191871644
[25,  2600] loss: 20.49052290439606
[26,    50] loss: 26.78450095176697
[26,   100] loss: 20.497876915931702
[26,   150] loss: 19.379275274276733
[26,   200] loss: 22.393809762001037
[26,   250] loss: 20.800506858825685
[26,   300] loss: 20.736075401306152
[26,   350] loss: 29.17886465549469
[26,   400] loss: 18.376635847091674
[26,   450] loss: 18.033343868255614
[26,   500] loss: 25.98004021167755
[26,   550] loss: 19.503319716453554
[26,   600] loss: 17.73067204475403
[26,   650] loss: 23.936413111686708
[26,   700] loss: 20.931106333732604
[26,   750] loss: 18.791033129692078
[26,   800] loss: 19.35365252494812
[26,   850] loss: 19.716134510040284
[26,   900] loss: 22.09333790779114
[26,   950] loss: 20.9845347738266
[26,  1000] loss: 20.634360713958742
[26,  1050] loss: 14.655868878364563
[26,  1100] loss: 16.06515735626221
[26,  1150] loss: 19.2243074464798
[26,  1200] loss: 15.579100804328919
[26,  1250] loss: 16.902925090789793
[26,  1300] loss: 22.167494068145754
[26,  1350] loss: 16.16326153755188
[26,  1400] loss: 19.216469864845276
[26,  1450] loss: 17.2383714056015
[26,  1500] loss: 24.809785423278807
[26,  1550] loss: 21.89959948539734
[26,  1600] loss: 21.562381167411804
[26,  1650] loss: 21.241385760307313
[26,  1700] loss: 20.670852789878847
[26,  1750] loss: 17.602888450622558
[26,  1800] loss: 20.31515555381775
[26,  1850] loss: 17.91207736492157
[26,  1900] loss: 15.641538200378418
[26,  1950] loss: 19.690111680030824
[26,  2000] loss: 20.463823490142822
[26,  2050] loss: 23.788159093856812
[26,  2100] loss: 15.593817281723023
[26,  2150] loss: 21.01628695487976
[26,  2200] loss: 27.968563985824584
[26,  2250] loss: 23.38979634284973
[26,  2300] loss: 25.708457012176513
[26,  2350] loss: 22.755197191238402
[26,  2400] loss: 16.13626404762268
[26,  2450] loss: 19.068637361526488
[26,  2500] loss: 18.51086317062378
[26,  2550] loss: 16.561529779434203
[26,  2600] loss: 23.553814306259156
[27,    50] loss: 15.014846453666687
[27,   100] loss: 16.334332594871523
[27,   150] loss: 21.249310359954833
[27,   200] loss: 17.42743778705597
[27,   250] loss: 18.782127060890197
[27,   300] loss: 17.12333596229553
[27,   350] loss: 22.755574378967285
[27,   400] loss: 18.26888738155365
[27,   450] loss: 18.127455344200133
[27,   500] loss: 18.937298040390015
[27,   550] loss: 15.579267940521241
[27,   600] loss: 18.793083171844483
[27,   650] loss: 14.240753684043884
[27,   700] loss: 20.052511119842528
[27,   750] loss: 21.41931324481964
[27,   800] loss: 17.512373485565185
[27,   850] loss: 20.41370111465454
[27,   900] loss: 16.23729302406311
[27,   950] loss: 15.738319911956786
[27,  1000] loss: 20.403551034927368
[27,  1050] loss: 19.321738271713258
[27,  1100] loss: 19.11830027580261
[27,  1150] loss: 21.773658928871154
[27,  1200] loss: 17.69007188796997
[27,  1250] loss: 23.775367584228515
[27,  1300] loss: 23.427783670425416
[27,  1350] loss: 23.119876379966737
[27,  1400] loss: 20.88380846977234
[27,  1450] loss: 17.65267105102539
[27,  1500] loss: 17.864364156723024
[27,  1550] loss: 23.842748975753786
[27,  1600] loss: 17.709894161224366
[27,  1650] loss: 28.91044425010681
[27,  1700] loss: 25.507641649246217
[27,  1750] loss: 16.557352743148805
[27,  1800] loss: 22.48580304145813
[27,  1850] loss: 18.60699017047882
[27,  1900] loss: 20.029481992721557
[27,  1950] loss: 15.37503586769104
[27,  2000] loss: 20.774821610450743
[27,  2050] loss: 15.477189025878907
[27,  2100] loss: 18.267083258628844
[27,  2150] loss: 18.08270342826843
[27,  2200] loss: 21.66472547531128
[27,  2250] loss: 15.089302916526794
[27,  2300] loss: 18.44355875968933
[27,  2350] loss: 24.002454853057863
[27,  2400] loss: 16.560916395187377
[27,  2450] loss: 19.511877636909485
[27,  2500] loss: 20.822511901855467
[27,  2550] loss: 18.364071650505068
[27,  2600] loss: 14.695281157493591
[28,    50] loss: 22.431308670043947
[28,   100] loss: 25.743456869125367
[28,   150] loss: 19.873524141311645
[28,   200] loss: 24.590935635566712
[28,   250] loss: 18.749814457893372
[28,   300] loss: 17.162676725387573
[28,   350] loss: 19.894231367111207
[28,   400] loss: 22.13529571533203
[28,   450] loss: 15.24586190700531
[28,   500] loss: 19.580403127670287
[28,   550] loss: 18.54079999923706
[28,   600] loss: 16.941519508361818
[28,   650] loss: 20.228991656303407
[28,   700] loss: 26.688563585281372
[28,   750] loss: 20.618817529678346
[28,   800] loss: 16.23293792247772
[28,   850] loss: 18.14025785446167
[28,   900] loss: 19.561797156333924
[28,   950] loss: 21.63390775680542
[28,  1000] loss: 22.42422456264496
[28,  1050] loss: 19.723282623291016
[28,  1100] loss: 17.366986560821534
[28,  1150] loss: 18.60173665523529
[28,  1200] loss: 22.300133380889893
[28,  1250] loss: 17.463286623954772
[28,  1300] loss: 17.895546350479126
[28,  1350] loss: 27.269442930221558
[28,  1400] loss: 15.981364493370057
[28,  1450] loss: 22.01344841003418
[28,  1500] loss: 19.389477319717408
[28,  1550] loss: 18.360300006866456
[28,  1600] loss: 14.022930109500885
[28,  1650] loss: 16.522545833587646
[28,  1700] loss: 21.207644863128664
[28,  1750] loss: 20.469276161193847
[28,  1800] loss: 22.57790505886078
[28,  1850] loss: 20.995475339889527
[28,  1900] loss: 19.006474046707154
[28,  1950] loss: 20.797677321434023
[28,  2000] loss: 22.08418622970581
[28,  2050] loss: 16.931771121025086
[28,  2100] loss: 16.35462145805359
[28,  2150] loss: 18.685307579040526
[28,  2200] loss: 19.418906631469728
[28,  2250] loss: 19.153768320083618
[28,  2300] loss: 19.336669006347655
[28,  2350] loss: 19.258102378845216
[28,  2400] loss: 21.138766565322875
[28,  2450] loss: 17.7097039937973
[28,  2500] loss: 14.962482261657716
[28,  2550] loss: 19.588015241622927
[28,  2600] loss: 18.28709734916687
[29,    50] loss: 15.750391054153443
[29,   100] loss: 13.814946627616882
[29,   150] loss: 15.120774865150452
[29,   200] loss: 23.79069405555725
[29,   250] loss: 16.349058833122253
[29,   300] loss: 22.769060807228087
[29,   350] loss: 28.178474979400633
[29,   400] loss: 20.49627197265625
[29,   450] loss: 18.718652811050415
[29,   500] loss: 18.417345867156982
[29,   550] loss: 17.541096773147583
[29,   600] loss: 26.091423788070678
[29,   650] loss: 17.618442459106447
[29,   700] loss: 20.34597869873047
[29,   750] loss: 19.856307895183562
[29,   800] loss: 15.573133893013
[29,   850] loss: 15.719187049865722
[29,   900] loss: 16.363274755477907
[29,   950] loss: 17.07816022872925
[29,  1000] loss: 18.160572328567504
[29,  1050] loss: 19.385895919799804
[29,  1100] loss: 18.060860509872438
[29,  1150] loss: 16.032862215042115
[29,  1200] loss: 20.19933660507202
[29,  1250] loss: 18.062528481483458
[29,  1300] loss: 18.836575360298156
[29,  1350] loss: 21.612333831787108
[29,  1400] loss: 23.087942514419556
[29,  1450] loss: 20.3362255525589
[29,  1500] loss: 22.0392467546463
[29,  1550] loss: 16.666369209289552
[29,  1600] loss: 15.816499710083008
[29,  1650] loss: 16.106669631004333
[29,  1700] loss: 16.752307109832763
[29,  1750] loss: 15.43879213809967
[29,  1800] loss: 22.679135036468505
[29,  1850] loss: 15.76975830078125
[29,  1900] loss: 22.366604166030882
[29,  1950] loss: 22.35786525249481
[29,  2000] loss: 20.760567162036896
[29,  2050] loss: 18.765787062644957
[29,  2100] loss: 16.35854190826416
[29,  2150] loss: 16.94707672595978
[29,  2200] loss: 24.351562004089356
[29,  2250] loss: 13.866524949073792
[29,  2300] loss: 21.416627602577208
[29,  2350] loss: 14.300234851837159
[29,  2400] loss: 17.700400609970092
[29,  2450] loss: 15.26058801651001
[29,  2500] loss: 18.534116916656494
[29,  2550] loss: 20.415856404304506
[29,  2600] loss: 18.44817986011505
[30,    50] loss: 16.658061451911927
[30,   100] loss: 18.8053399848938
[30,   150] loss: 19.994363350868227
[30,   200] loss: 16.438951115608216
[30,   250] loss: 17.100567564964294
[30,   300] loss: 25.952525539398195
[30,   350] loss: 16.895992069244386
[30,   400] loss: 14.80132236480713
[30,   450] loss: 14.457660698890686
[30,   500] loss: 15.973358497619628
[30,   550] loss: 15.474022767543794
[30,   600] loss: 16.592243208885193
[30,   650] loss: 17.505429577827453
[30,   700] loss: 16.74124449253082
[30,   750] loss: 16.257004203796388
[30,   800] loss: 17.243469161987306
[30,   850] loss: 18.833198800086976
[30,   900] loss: 14.932793326377869
[30,   950] loss: 22.714524941444395
[30,  1000] loss: 16.357688817977905
[30,  1050] loss: 16.53844358444214
[30,  1100] loss: 14.708982520103454
[30,  1150] loss: 16.045462999343872
[30,  1200] loss: 17.30470555305481
[30,  1250] loss: 15.75053379058838
[30,  1300] loss: 16.0740989112854
[30,  1350] loss: 18.85869507312775
[30,  1400] loss: 20.998594207763674
[30,  1450] loss: 18.69772446632385
[30,  1500] loss: 27.689849100112916
[30,  1550] loss: 17.347149305343628
[30,  1600] loss: 21.328107895851137
[30,  1650] loss: 18.118772745132446
[30,  1700] loss: 17.79019986629486
[30,  1750] loss: 23.178462796211242
[30,  1800] loss: 20.621067271232604
[30,  1850] loss: 18.523478031158447
[30,  1900] loss: 16.689729413986207
[30,  1950] loss: 17.89000654697418
[30,  2000] loss: 14.90306046962738
[30,  2050] loss: 19.012806367874145
[30,  2100] loss: 21.921784234046935
[30,  2150] loss: 15.022638440132141
[30,  2200] loss: 13.260611925125122
[30,  2250] loss: 16.26594159603119
[30,  2300] loss: 15.395632309913635
[30,  2350] loss: 16.849345006942748
[30,  2400] loss: 15.87098680973053
[30,  2450] loss: 17.99272386074066
[30,  2500] loss: 15.297932662963866
[30,  2550] loss: 27.334015865325927
[30,  2600] loss: 19.574736762046815

