[25,    50] loss: 15.386560912132262
[25,   100] loss: 16.32532002210617
[25,   150] loss: 14.301530075073241
[25,   200] loss: 16.954220480918885
[25,   250] loss: 14.554963562488556
[25,   300] loss: 19.4759010887146
[25,   350] loss: 16.17679265499115
[25,   400] loss: 13.258681054115295
[25,   450] loss: 15.63867591381073
[25,   500] loss: 19.699425873756407
[25,   550] loss: 14.941833114624023
[25,   600] loss: 14.143459165096283
[25,   650] loss: 16.8466038608551
[25,   700] loss: 16.53825087070465
[25,   750] loss: 19.5586133146286
[25,   800] loss: 16.574765901565552
[25,   850] loss: 15.012037200927734
[25,   900] loss: 16.594838209152222
[25,   950] loss: 18.05489239692688
[25,  1000] loss: 16.999464602470397
[25,  1050] loss: 19.912604761123657
[25,  1100] loss: 14.61353768825531
[25,  1150] loss: 19.950494441986084
[25,  1200] loss: 16.900019001960754
[25,  1250] loss: 17.186168332099914
[25,  1300] loss: 14.557459783554076
[25,  1350] loss: 20.313833780288697
[25,  1400] loss: 17.153117628097533
[25,  1450] loss: 19.542823293209075
[25,  1500] loss: 18.26097827911377
[25,  1550] loss: 17.673803634643555
[25,  1600] loss: 14.49976713180542
[25,  1650] loss: 18.908208825588225
[25,  1700] loss: 16.32916690349579
[25,  1750] loss: 16.474004769325255
[25,  1800] loss: 13.707231636047362
[25,  1850] loss: 21.103799505233766
[25,  1900] loss: 17.206438102722167
[25,  1950] loss: 22.667211503982543
[25,  2000] loss: 18.13337465286255
[25,  2050] loss: 16.86878530025482
[25,  2100] loss: 16.310911507606505
[25,  2150] loss: 26.33749107837677
[25,  2200] loss: 48.485299549102784
[25,  2250] loss: 13.703387784957886
[25,  2300] loss: 12.461465616226196
[25,  2350] loss: 36.19894911289215
[25,  2400] loss: 15.801234998703002
[25,  2450] loss: 18.939606323242188
[25,  2500] loss: 16.329173684120178
[25,  2550] loss: 15.7137499666214
[25,  2600] loss: 13.553230566978455
[26,    50] loss: 20.88167587518692
[26,   100] loss: 16.7844597196579
[26,   150] loss: 16.2860870885849
[26,   200] loss: 30.022193546295167
[26,   250] loss: 13.911131436824798
[26,   300] loss: 13.951555275917054
[26,   350] loss: 18.25247567653656
[26,   400] loss: 26.762076406478883
[26,   450] loss: 14.600695056915283
[26,   500] loss: 14.510101609230041
[26,   550] loss: 13.933576555252076
[26,   600] loss: 19.601867184638976
[26,   650] loss: 15.408120250701904
[26,   700] loss: 16.375598936080934
[26,   750] loss: 17.664639201164245
[26,   800] loss: 16.91276701450348
[26,   850] loss: 17.26305082321167
[26,   900] loss: 13.663046374320984
[26,   950] loss: 17.088234739303587
[26,  1000] loss: 19.271919951438903
[26,  1050] loss: 12.975632133483886
[26,  1100] loss: 15.672598657608033
[26,  1150] loss: 15.559160137176514
[26,  1200] loss: 15.161517295837402
[26,  1250] loss: 13.96982931137085
[26,  1300] loss: 13.361972560882569
[26,  1350] loss: 12.720949602127074
[26,  1400] loss: 14.768301544189454
[26,  1450] loss: 18.723602600097657
[26,  1500] loss: 20.281115412712097
[26,  1550] loss: 20.799726316928865
[26,  1600] loss: 15.11322793006897
[26,  1650] loss: 19.1612365937233
[26,  1700] loss: 16.74461486339569
[26,  1750] loss: 16.501514084339142
[26,  1800] loss: 13.53227174282074
[26,  1850] loss: 15.630586829185486
[26,  1900] loss: 14.487622144222259
[26,  1950] loss: 15.792552013397216
[26,  2000] loss: 14.004490261077882
[26,  2050] loss: 14.798411145210267
[26,  2100] loss: 13.458702630996704
[26,  2150] loss: 19.80213338136673
[26,  2200] loss: 16.461734766960145
[26,  2250] loss: 25.676500759124757
[26,  2300] loss: 20.40867765903473
[26,  2350] loss: 21.14805688858032
[26,  2400] loss: 12.01211064338684
[26,  2450] loss: 12.285636510848999
[26,  2500] loss: 13.507835211753845
[26,  2550] loss: 14.803535351753235
[26,  2600] loss: 23.413417639732362
[27,    50] loss: 13.587246465682984
[27,   100] loss: 18.013104066848754
[27,   150] loss: 18.970529384613037
[27,   200] loss: 15.38417564868927
[27,   250] loss: 16.031174478530883
[27,   300] loss: 16.154404792785645
[27,   350] loss: 15.68090211868286
[27,   400] loss: 18.89362211704254
[27,   450] loss: 25.22414333820343
[27,   500] loss: 13.225532717704773
[27,   550] loss: 15.924116933345795
[27,   600] loss: 13.571734919548035
[27,   650] loss: 11.927522921562195
[27,   700] loss: 14.062247591018677
[27,   750] loss: 15.186774616241456
[27,   800] loss: 16.510028281211852
[27,   850] loss: 16.16637003660202
[27,   900] loss: 15.049157927036285
[27,   950] loss: 11.19386978149414
[27,  1000] loss: 21.48784462928772
[27,  1050] loss: 14.151918387413025
[27,  1100] loss: 15.311841650009155
[27,  1150] loss: 18.55328999996185
[27,  1200] loss: 20.208766298294066
[27,  1250] loss: 18.04363520026207
[27,  1300] loss: 15.553814163208008
[27,  1350] loss: 18.08841233730316
[27,  1400] loss: 13.340685777664184
[27,  1450] loss: 14.862134556770325
[27,  1500] loss: 13.827910528182983
[27,  1550] loss: 13.851557939052581
[27,  1600] loss: 15.441656579971314
[27,  1650] loss: 14.687251303195954
[27,  1700] loss: 21.898794145584105
[27,  1750] loss: 11.196035656929016
[27,  1800] loss: 14.36325228214264
[27,  1850] loss: 13.010773553848267
[27,  1900] loss: 13.346461844444274
[27,  1950] loss: 20.12304777145386
[27,  2000] loss: 27.18186725616455
[27,  2050] loss: 16.065005893707276
[27,  2100] loss: 15.819986062049866
[27,  2150] loss: 12.948846905231475
[27,  2200] loss: 13.104069099426269
[27,  2250] loss: 16.05243203163147
[27,  2300] loss: 17.061325674057006
[27,  2350] loss: 15.03726432800293
[27,  2400] loss: 13.46813793182373
[27,  2450] loss: 15.537000842094422
[27,  2500] loss: 15.949253940582276
[27,  2550] loss: 16.520021543502807
[27,  2600] loss: 11.250312204360961
[28,    50] loss: 15.771424565315247
[28,   100] loss: 14.845145826339722
[28,   150] loss: 16.99002007484436
[28,   200] loss: 15.058731865882873
[28,   250] loss: 17.44296431541443
[28,   300] loss: 16.204932923316957
[28,   350] loss: 14.851164698600769
[28,   400] loss: 14.446666445732117
[28,   450] loss: 16.564337878227235
[28,   500] loss: 13.803795235157013
[28,   550] loss: 20.112301530838014
[28,   600] loss: 12.52061354637146
[28,   650] loss: 15.507826094627381
[28,   700] loss: 21.631221783161163
[28,   750] loss: 13.844950368404389
[28,   800] loss: 14.23813645362854
[28,   850] loss: 14.35565749168396
[28,   900] loss: 13.008813095092773
[28,   950] loss: 14.269334349632263
[28,  1000] loss: 11.515212926864624
[28,  1050] loss: 13.134994192123413
[28,  1100] loss: 12.203289723396301
[28,  1150] loss: 18.42930121898651
[28,  1200] loss: 15.784909224510193
[28,  1250] loss: 13.21540461063385
[28,  1300] loss: 17.75753982067108
[28,  1350] loss: 24.568416600227355
[28,  1400] loss: 13.762998003959655
[28,  1450] loss: 15.512285633087158
[28,  1500] loss: 14.556338067054748
[28,  1550] loss: 25.5690115070343
[28,  1600] loss: 11.484544122219086
[28,  1650] loss: 13.662117500305175
[28,  1700] loss: 14.01902651309967
[28,  1750] loss: 11.928573462963104
[28,  1800] loss: 20.204481103420257
[28,  1850] loss: 12.253237023353577
[28,  1900] loss: 14.08966206073761
[28,  1950] loss: 12.1563689661026
[28,  2000] loss: 25.674391334056853
[28,  2050] loss: 12.750719809532166
[28,  2100] loss: 12.12756674528122
[28,  2150] loss: 17.52737868309021
[28,  2200] loss: 11.344090886116028
[28,  2250] loss: 16.936078391075135
[28,  2300] loss: 13.151271679401397
[28,  2350] loss: 16.256881506443023
[28,  2400] loss: 22.12311891555786
[28,  2450] loss: 12.573464469909668
[28,  2500] loss: 18.07802541732788
[28,  2550] loss: 19.246503629684447
[28,  2600] loss: 17.684232518672943
[29,    50] loss: 21.42207145690918
[29,   100] loss: 11.575283923149108
[29,   150] loss: 20.47519282579422
[29,   200] loss: 20.745076649188995
[29,   250] loss: 16.345118803977968
[29,   300] loss: 20.279583530426024
[29,   350] loss: 35.59835311889648
[29,   400] loss: 20.729552972316743
[29,   450] loss: 24.969020323753355
[29,   500] loss: 11.794135961532593
[29,   550] loss: 13.801959714889527
[29,   600] loss: 22.44594979763031
[29,   650] loss: 11.579144067764283
[29,   700] loss: 12.694086413383484
[29,   750] loss: 14.92207504272461
[29,   800] loss: 11.890155091285706
[29,   850] loss: 12.821704721450805
[29,   900] loss: 17.07787009716034
[29,   950] loss: 16.449403619766237
[29,  1000] loss: 12.461347923278808
[29,  1050] loss: 14.325980777740478
[29,  1100] loss: 11.810121750831604
[29,  1150] loss: 22.523562211990356
[29,  1200] loss: 12.525921676158905
[29,  1250] loss: 12.01139726638794
[29,  1300] loss: 15.388893043994903
[29,  1350] loss: 13.31914619922638
[29,  1400] loss: 12.839256529808045
[29,  1450] loss: 15.42542366027832
[29,  1500] loss: 14.674806036949157
[29,  1550] loss: 12.520250532627106
[29,  1600] loss: 12.844911725521088
[29,  1650] loss: 16.68093033313751
[29,  1700] loss: 11.958273701667785
[29,  1750] loss: 12.584838404655457
[29,  1800] loss: 11.583356757164001
[29,  1850] loss: 13.479807057380675
[29,  1900] loss: 15.830293669700623
[29,  1950] loss: 16.618425455093384
[29,  2000] loss: 18.438242909908293
[29,  2050] loss: 14.572895860671997
[29,  2100] loss: 16.86171727180481
[29,  2150] loss: 12.487440333366393
[29,  2200] loss: 16.216201939582824
[29,  2250] loss: 11.999142861366272
[29,  2300] loss: 16.637625670433046
[29,  2350] loss: 14.603846340179443
[29,  2400] loss: 17.379360404014587
[29,  2450] loss: 15.210894641876221
[29,  2500] loss: 13.985837547779083
[29,  2550] loss: 16.164796311855316
[29,  2600] loss: 11.788830742835998
[30,    50] loss: 13.609385313987731
[30,   100] loss: 12.036474096775056
[30,   150] loss: 12.173738689422608
[30,   200] loss: 10.029262132644654
[30,   250] loss: 17.403675260543825
[30,   300] loss: 11.047985644340516
[30,   350] loss: 11.908967602252961
[30,   400] loss: 18.329715723991395
[30,   450] loss: 12.570991244316101
[30,   500] loss: 9.990484170913696
[30,   550] loss: 15.008296918869018
[30,   600] loss: 18.67804647922516
[30,   650] loss: 11.066764211654663
[30,   700] loss: 14.242503399848937
[30,   750] loss: 14.99143798828125
[30,   800] loss: 12.310268807411195
[30,   850] loss: 14.346503076553345
[30,   900] loss: 11.919703106880188
[30,   950] loss: 15.158626730442046
[30,  1000] loss: 13.58103877544403
[30,  1050] loss: 17.632339158058166
[30,  1100] loss: 11.240000493526459
[30,  1150] loss: 14.300978956222535
[30,  1200] loss: 17.849278984069823
[30,  1250] loss: 16.041679825782776
[30,  1300] loss: 13.222069811820983
[30,  1350] loss: 11.54086989402771
[30,  1400] loss: 13.641984162330628
[30,  1450] loss: 14.589031620025635
[30,  1500] loss: 25.34567509174347
[30,  1550] loss: 14.909873867034912
[30,  1600] loss: 13.812207140922546
[30,  1650] loss: 16.25638617038727
[30,  1700] loss: 15.021296169757843
[30,  1750] loss: 19.326853680610657
[30,  1800] loss: 12.895629911422729
[30,  1850] loss: 15.368339071273803
[30,  1900] loss: 14.542130575180053
[30,  1950] loss: 15.750387258529663
[30,  2000] loss: 14.75643265247345
[30,  2050] loss: 10.569158763885499
[30,  2100] loss: 16.82614254951477
[30,  2150] loss: 18.17263264656067
[30,  2200] loss: 10.763856782913209
[30,  2250] loss: 10.599683413505554
[30,  2300] loss: 18.194667873382567
[30,  2350] loss: 11.672949237823486
[30,  2400] loss: 13.560265381336212
[30,  2450] loss: 15.729095821380616
[30,  2500] loss: 15.782128648757935
[30,  2550] loss: 24.456598529815675
[30,  2600] loss: 16.36775495290756

